
Исходный массив:
-3.5                                              6.2                                               -8                                                2.1                                               -1.1                                              
-7.9                                              6                                                 9                                                 -7.7                                              5.3                                               
4.4                                               5.4                                               -6.5                                              1.7                                               9.9                                               
-2.2                                              3.6                                               -4.8                                              4.2                                               -3.8                                              
7.8                                               -9.6                                              5.4                                               -4.2                                              -6.7                                              
-4.3                                              5.1                                               -9.4                                              6.4                                               8.2                                               
-3.5                                              6.2                                               -8                                                2.1                                               -1.1                                              
-7.9                                              6                                                 9                                                 -7.7                                              5.3                                               
4.4                                               5.4                                               -6.5                                              1.7                                               9.9                                               
-2.2                                              3.6                                               -4.8                                              4.2                                               -3.8                                              
7.8                                               -9.6                                              5.4                                               -4.2                                              -6.7                                              
-4.3                                              5.1                                               -9.4                                              6.4                                               8.2                                               


Отрицательные элементы нечетных столбцов исходного массива:
-3.5 -8 -1.1 
-7.9 
-6.5 
-2.2 -4.8 -3.8 
-6.7 
-4.3 -9.4 


Максимальное и минимальное значение четных строк:
-7.9                                              9                                                 
-4.8                                              4.2                                               
-9.4                                              8.2                                               
